features_split: tensor([[-0.2040, -0.5805,  2.1212,  ...,  0.8315, -1.4345, -0.5366],
        [-0.1806, -1.1331,  2.1523,  ...,  0.7638, -0.8402, -1.0237],
        [-1.2527, -1.0941,  2.8910,  ...,  0.0277, -1.1205, -0.0935],
        ...,
        [ 5.4526,  2.9378, -2.0018,  ..., -0.4447, -0.4761,  1.3355],
        [ 5.3685,  2.9056, -1.9851,  ..., -0.4053, -0.4919,  1.4224],
        [ 5.7516,  3.3422, -2.0940,  ..., -0.1852, -0.6209,  1.0835]],
       device='cuda:3', grad_fn=<SplitWithSizesBackward0>)
         3.2616e+00,  2.5269e+00],
        [ 4.9578e+00,  1.6240e+00,  3.5239e+00,  ..., -1.2289e+00,
          3.5470e+00,  3.0062e+00]], device='cuda:2',
       grad_fn=<SplitWithSizesBackward0>)
